%N
A1=[-3.9904;-2.4068;0.000;5.9134;12.9737;20.6131;28.4545;36.2555;43.8464;47.5128];
A2=[-3.990;-2.407;0.000;5.913;12.974;20.613;28.455;36.256;43.846;47.513];
A=A1-A2
B1=[-200;-100;0.00;200;400;600;800;1000;1200;1300];
B2=[-199.9360;-100.0091;0;199.9986;400.0161;599.9836;800.0099;1000.0193;1199.9859;1299.9676];
B=B1-B2

%K
C1=[-5.8914;-3.5534;0.000;-3.5534;16.3971;24.9055;33.2754;41.2756;48.8382;52.4103];
C2=[-5.891;-3.554;0.000;8.138;16.397;24.905;33.275;41.276;48.838;52.410];
C=C1-C2
D1=[-200;-100;0.00;200;400;600;800;1000;1200;1300];
D2=[-199.9360;-100.0091;0;199.9986;400.0161;599.9836;800.0099;1000.0193;1199.9859;1299.9676];
D=D1-D2